   5.53200817         0.00000000    
   5.53759384         0.00000000    
   5.54317856         0.00000000    
   5.54876375         0.00000000    
   5.55434895         0.00000000    
   5.55993366         0.00000000    
   5.56551933         0.00000000    
   5.57110405         0.00000000    
   5.57668877         0.00000000    
   5.58227444         10.0000000    
   5.58785915         90.0000000    
   5.59344387         0.00000000    
   5.59902954         0.00000000    
   5.60461426         0.00000000    
   5.61019945         0.00000000    
   5.61578465         0.00000000    
   5.62136936         0.00000000    
   5.62695503         0.00000000    
   5.63253975         0.00000000    
   5.63812447         0.00000000    
